#ChipScope Pro Analyzer Project File, Version 3.0
#Sat Dec 21 12:35:36 CST 2013
mdiAreaHeight=0.6989247311827957
mdiAreaHeightLast=0.6989247311827957
mdiCount=0
navigatorHeight=0.17876344086021506
navigatorHeightLast=0.17876344086021506
navigatorWidth=0.1794871794871795
navigatorWidthLast=0.1794871794871795
signalDisplayPath=0
unit.-1.-1.username=
